{
 "cells": [
  {
   "cell_type": "markdown",
   "metadata": {},
   "source": [
    "## Problem statement\n",
    "The increased cost of health insurance is alarming throughout the world. These costs are done for consumers and employers sponsored health insurance premium which has increased by 131 percent over the last decade.\n",
    "A major cause of this increase is payment errors made by the insurance companies while processing claims. Furthermore, because of the payment errors results in re-processing of the claims which is known to be called as re-work and accounts for significant portion of administrative cost and services issues of health plan which have a direct impact in the term of monetary of the insurance company paying more or less than what it should have"
   ]
  },
  {
   "cell_type": "code",
   "execution_count": 2,
   "metadata": {},
   "outputs": [],
   "source": [
    "# Load essential libraries\n",
    "import pandas as pd\n",
    "import numpy as np\n",
    "import seaborn as sns\n",
    "import matplotlib.pyplot as plt\n",
    " \n",
    "from sklearn.linear_model import LogisticRegression\n",
    "#from sklearn.externals import joblib"
   ]
  },
  {
   "cell_type": "code",
   "execution_count": 3,
   "metadata": {},
   "outputs": [
    {
     "name": "stdout",
     "output_type": "stream",
     "text": [
      "   age  sex     bmi  children  smoker  region      charges  insuranceclaim\n",
      "0   19    0  27.900         0       1       3  16884.92400               1\n",
      "1   18    1  33.770         1       0       2   1725.55230               1\n",
      "2   28    1  33.000         3       0       2   4449.46200               0\n",
      "3   33    1  22.705         0       0       1  21984.47061               0\n",
      "4   32    1  28.880         0       0       1   3866.85520               1\n"
     ]
    }
   ],
   "source": [
    "# Read CSV\n",
    "insuranceDF = pd.read_csv(r\"C:\\Users\\OSAGIE\\Desktop\\insurance.csv\")\n",
    "print(insuranceDF.head())"
   ]
  },
  {
   "cell_type": "code",
   "execution_count": 4,
   "metadata": {},
   "outputs": [
    {
     "name": "stdout",
     "output_type": "stream",
     "text": [
      "<class 'pandas.core.frame.DataFrame'>\n",
      "RangeIndex: 1338 entries, 0 to 1337\n",
      "Data columns (total 8 columns):\n",
      " #   Column          Non-Null Count  Dtype  \n",
      "---  ------          --------------  -----  \n",
      " 0   age             1338 non-null   int64  \n",
      " 1   sex             1338 non-null   int64  \n",
      " 2   bmi             1338 non-null   float64\n",
      " 3   children        1338 non-null   int64  \n",
      " 4   smoker          1338 non-null   int64  \n",
      " 5   region          1338 non-null   int64  \n",
      " 6   charges         1338 non-null   float64\n",
      " 7   insuranceclaim  1338 non-null   int64  \n",
      "dtypes: float64(2), int64(6)\n",
      "memory usage: 83.8 KB\n"
     ]
    }
   ],
   "source": [
    "#get infomation\n",
    "insuranceDF.info()"
   ]
  },
  {
   "cell_type": "code",
   "execution_count": 6,
   "metadata": {},
   "outputs": [
    {
     "data": {
      "text/html": [
       "<div>\n",
       "<style scoped>\n",
       "    .dataframe tbody tr th:only-of-type {\n",
       "        vertical-align: middle;\n",
       "    }\n",
       "\n",
       "    .dataframe tbody tr th {\n",
       "        vertical-align: top;\n",
       "    }\n",
       "\n",
       "    .dataframe thead th {\n",
       "        text-align: right;\n",
       "    }\n",
       "</style>\n",
       "<table border=\"1\" class=\"dataframe\">\n",
       "  <thead>\n",
       "    <tr style=\"text-align: right;\">\n",
       "      <th></th>\n",
       "      <th>age</th>\n",
       "      <th>sex</th>\n",
       "      <th>bmi</th>\n",
       "      <th>children</th>\n",
       "      <th>smoker</th>\n",
       "      <th>region</th>\n",
       "      <th>charges</th>\n",
       "      <th>insuranceclaim</th>\n",
       "    </tr>\n",
       "  </thead>\n",
       "  <tbody>\n",
       "    <tr>\n",
       "      <th>age</th>\n",
       "      <td>1.000000</td>\n",
       "      <td>-0.020856</td>\n",
       "      <td>0.109272</td>\n",
       "      <td>0.042469</td>\n",
       "      <td>-0.025019</td>\n",
       "      <td>0.002127</td>\n",
       "      <td>0.299008</td>\n",
       "      <td>0.113723</td>\n",
       "    </tr>\n",
       "    <tr>\n",
       "      <th>sex</th>\n",
       "      <td>-0.020856</td>\n",
       "      <td>1.000000</td>\n",
       "      <td>0.046371</td>\n",
       "      <td>0.017163</td>\n",
       "      <td>0.076185</td>\n",
       "      <td>0.004588</td>\n",
       "      <td>0.057292</td>\n",
       "      <td>0.031565</td>\n",
       "    </tr>\n",
       "    <tr>\n",
       "      <th>bmi</th>\n",
       "      <td>0.109272</td>\n",
       "      <td>0.046371</td>\n",
       "      <td>1.000000</td>\n",
       "      <td>0.012759</td>\n",
       "      <td>0.003750</td>\n",
       "      <td>0.157566</td>\n",
       "      <td>0.198341</td>\n",
       "      <td>0.384198</td>\n",
       "    </tr>\n",
       "    <tr>\n",
       "      <th>children</th>\n",
       "      <td>0.042469</td>\n",
       "      <td>0.017163</td>\n",
       "      <td>0.012759</td>\n",
       "      <td>1.000000</td>\n",
       "      <td>0.007673</td>\n",
       "      <td>0.016569</td>\n",
       "      <td>0.067998</td>\n",
       "      <td>-0.409526</td>\n",
       "    </tr>\n",
       "    <tr>\n",
       "      <th>smoker</th>\n",
       "      <td>-0.025019</td>\n",
       "      <td>0.076185</td>\n",
       "      <td>0.003750</td>\n",
       "      <td>0.007673</td>\n",
       "      <td>1.000000</td>\n",
       "      <td>-0.002181</td>\n",
       "      <td>0.787251</td>\n",
       "      <td>0.333261</td>\n",
       "    </tr>\n",
       "    <tr>\n",
       "      <th>region</th>\n",
       "      <td>0.002127</td>\n",
       "      <td>0.004588</td>\n",
       "      <td>0.157566</td>\n",
       "      <td>0.016569</td>\n",
       "      <td>-0.002181</td>\n",
       "      <td>1.000000</td>\n",
       "      <td>-0.006208</td>\n",
       "      <td>0.020891</td>\n",
       "    </tr>\n",
       "    <tr>\n",
       "      <th>charges</th>\n",
       "      <td>0.299008</td>\n",
       "      <td>0.057292</td>\n",
       "      <td>0.198341</td>\n",
       "      <td>0.067998</td>\n",
       "      <td>0.787251</td>\n",
       "      <td>-0.006208</td>\n",
       "      <td>1.000000</td>\n",
       "      <td>0.309418</td>\n",
       "    </tr>\n",
       "    <tr>\n",
       "      <th>insuranceclaim</th>\n",
       "      <td>0.113723</td>\n",
       "      <td>0.031565</td>\n",
       "      <td>0.384198</td>\n",
       "      <td>-0.409526</td>\n",
       "      <td>0.333261</td>\n",
       "      <td>0.020891</td>\n",
       "      <td>0.309418</td>\n",
       "      <td>1.000000</td>\n",
       "    </tr>\n",
       "  </tbody>\n",
       "</table>\n",
       "</div>"
      ],
      "text/plain": [
       "                     age       sex       bmi  children    smoker    region  \\\n",
       "age             1.000000 -0.020856  0.109272  0.042469 -0.025019  0.002127   \n",
       "sex            -0.020856  1.000000  0.046371  0.017163  0.076185  0.004588   \n",
       "bmi             0.109272  0.046371  1.000000  0.012759  0.003750  0.157566   \n",
       "children        0.042469  0.017163  0.012759  1.000000  0.007673  0.016569   \n",
       "smoker         -0.025019  0.076185  0.003750  0.007673  1.000000 -0.002181   \n",
       "region          0.002127  0.004588  0.157566  0.016569 -0.002181  1.000000   \n",
       "charges         0.299008  0.057292  0.198341  0.067998  0.787251 -0.006208   \n",
       "insuranceclaim  0.113723  0.031565  0.384198 -0.409526  0.333261  0.020891   \n",
       "\n",
       "                 charges  insuranceclaim  \n",
       "age             0.299008        0.113723  \n",
       "sex             0.057292        0.031565  \n",
       "bmi             0.198341        0.384198  \n",
       "children        0.067998       -0.409526  \n",
       "smoker          0.787251        0.333261  \n",
       "region         -0.006208        0.020891  \n",
       "charges         1.000000        0.309418  \n",
       "insuranceclaim  0.309418        1.000000  "
      ]
     },
     "execution_count": 6,
     "metadata": {},
     "output_type": "execute_result"
    }
   ],
   "source": [
    "#find the correlation among the feature\n",
    "corr = insuranceDF.corr()\n",
    "corr"
   ]
  },
  {
   "cell_type": "code",
   "execution_count": 7,
   "metadata": {},
   "outputs": [],
   "source": [
    "# Train Test Split\n",
    "dfTrain = insuranceDF[:1000]\n",
    "dfTest = insuranceDF[1000:1300]\n",
    "dfCheck = insuranceDF[1300:]"
   ]
  },
  {
   "cell_type": "code",
   "execution_count": 8,
   "metadata": {},
   "outputs": [],
   "source": [
    "# Convert to numpy array\n",
    "trainLabel = np.asarray(dfTrain['insuranceclaim'])\n",
    "trainData = np.asarray(dfTrain.drop('insuranceclaim',1))\n",
    "testLabel = np.asarray(dfTest['insuranceclaim'])\n",
    "testData = np.asarray(dfTest.drop('insuranceclaim',1))"
   ]
  },
  {
   "cell_type": "code",
   "execution_count": 9,
   "metadata": {},
   "outputs": [],
   "source": [
    "# Normalize Data\n",
    "means = np.mean(trainData, axis=0)\n",
    "stds = np.std(trainData, axis=0)\n",
    "trainData = (trainData - means)/stds\n",
    "testData = (testData - means)/stds"
   ]
  },
  {
   "cell_type": "code",
   "execution_count": 10,
   "metadata": {},
   "outputs": [
    {
     "data": {
      "text/plain": [
       "LogisticRegression()"
      ]
     },
     "execution_count": 10,
     "metadata": {},
     "output_type": "execute_result"
    }
   ],
   "source": [
    "insuranceCheck = LogisticRegression()\n",
    "insuranceCheck.fit(trainData, trainLabel)"
   ]
  },
  {
   "cell_type": "code",
   "execution_count": 11,
   "metadata": {},
   "outputs": [
    {
     "name": "stdout",
     "output_type": "stream",
     "text": [
      "accuracy =  86.0 %\n"
     ]
    }
   ],
   "source": [
    "# Now use our test data to find out accuracy of the model.\n",
    "\n",
    "accuracy = insuranceCheck.score(testData, testLabel)\n",
    "print(\"accuracy = \", accuracy * 100, \"%\")"
   ]
  },
  {
   "cell_type": "code",
   "execution_count": null,
   "metadata": {},
   "outputs": [],
   "source": []
  }
 ],
 "metadata": {
  "kernelspec": {
   "display_name": "Python 3",
   "language": "python",
   "name": "python3"
  },
  "language_info": {
   "codemirror_mode": {
    "name": "ipython",
    "version": 3
   },
   "file_extension": ".py",
   "mimetype": "text/x-python",
   "name": "python",
   "nbconvert_exporter": "python",
   "pygments_lexer": "ipython3",
   "version": "3.8.3"
  }
 },
 "nbformat": 4,
 "nbformat_minor": 4
}
